Entity,Code,Year,Share of the population using safely managed drinking water services,Share of the population using only basic drinking water services,Share of the population using limited drinking water services,Share of the population using unimproved drinking water services,Share of the population using surface water as a primary source of drinking water
Afghanistan,AFG,2000,11.093327,16.34853,3.2992032,43.856777,25.402164
Afghanistan,AFG,2001,11.105221,16.368359,3.2998827,43.843445,25.383093
Afghanistan,AFG,2002,12.007733,17.66713,3.6071773,42.260395,24.457567
Afghanistan,AFG,2003,12.909922,18.965668,3.9140716,40.67728,23.533058
Afghanistan,AFG,2004,13.818684,20.275747,4.220617,39.086002,22.59895
Afghanistan,AFG,2005,14.733853,21.597374,4.5264535,37.48635,21.655968
Afghanistan,AFG,2006,15.648427,22.918694,4.8314023,35.886433,20.715044
Afghanistan,AFG,2007,16.562523,24.52115,4.85422,34.286083,19.776024
Afghanistan,AFG,2008,17.476011,26.156599,4.8428273,32.685455,18.839108
Afghanistan,AFG,2009,18.388884,27.824879,4.797374,31.08455,17.904312
Afghanistan,AFG,2010,19.30114,29.52583,4.7180095,29.483366,16.971657
Afghanistan,AFG,2011,20.212885,31.259493,4.6048765,27.881748,16.041
Afghanistan,AFG,2012,21.123997,33.025494,4.4581366,26.279846,15.112526
Afghanistan,AFG,2013,22.03447,34.823673,4.2779446,24.677664,14.186251
Afghanistan,AFG,2014,22.944302,36.65386,4.0644584,23.075191,13.262191
Afghanistan,AFG,2015,23.85359,38.51607,3.8178253,21.472284,12.340232
Afghanistan,AFG,2016,24.76222,40.409943,3.5382168,19.86909,11.420531
Afghanistan,AFG,2017,25.671417,42.337456,3.2256842,18.263792,10.501653
Afghanistan,AFG,2018,26.581314,44.298626,2.880409,16.65607,9.58358
Afghanistan,AFG,2019,27.491734,46.292908,2.5026228,15.046062,8.666672
Afghanistan,AFG,2020,28.402506,48.31975,2.092574,13.433906,7.7512655
Afghanistan,AFG,2021,29.313843,50.379234,1.6505076,11.696816,6.959597
Afghanistan,AFG,2022,30.034098,52.141273,1.1713909,10.477442,6.1757965
Africa (WHO),,2000,19.306862,28.483637,8.814207,25.892063,17.503231
Africa (WHO),,2001,19.609863,28.945612,9.0776415,25.246738,17.120144
Africa (WHO),,2002,20.06806,29.31386,9.303385,24.738127,16.576569
Africa (WHO),,2003,20.540802,29.668888,9.527734,24.2396,16.022978
Africa (WHO),,2004,21.073881,29.971193,9.749679,23.737923,15.467327
Africa (WHO),,2005,21.612398,30.276545,9.965551,23.231972,14.913534
Africa (WHO),,2006,22.179928,30.556803,10.17424,22.724173,14.364856
Africa (WHO),,2007,22.812088,30.778795,10.378028,22.21341,13.817679
Africa (WHO),,2008,23.482048,30.982046,10.577668,21.690933,13.267303
Africa (WHO),,2009,24.178427,31.163933,10.773339,21.165476,12.718825
Africa (WHO),,2010,24.904018,31.316841,10.964061,20.641964,12.173117
Africa (WHO),,2011,25.38758,31.53257,11.295788,20.046572,11.737492
Africa (WHO),,2012,26.165874,31.625658,11.4888735,19.531021,11.188573
Africa (WHO),,2013,26.96988,31.691938,11.678177,19.021702,10.638304
Africa (WHO),,2014,27.812178,31.72837,11.857495,18.511902,10.090054
Africa (WHO),,2015,28.69438,31.73555,12.027108,17.998043,9.544919
Africa (WHO),,2016,29.5712,31.723154,12.198661,17.49661,9.010376
Africa (WHO),,2017,30.44026,31.715513,12.363719,17.015718,8.464789
Africa (WHO),,2018,31.250828,31.75096,12.542707,16.511568,7.943938
Africa (WHO),,2019,31.80987,32.0424,12.727056,15.972262,7.4484143
Africa (WHO),,2020,32.33789,32.3356,12.900392,15.453175,6.9729395
Africa (WHO),,2021,32.86822,32.63132,13.058188,14.895797,6.546474
Africa (WHO),,2022,33.264328,32.93633,13.217907,14.4461,6.1353345
Albania,ALB,2000,49.13832,37.258724,10.139525,2.5397248,0.9237058
Albania,ALB,2001,49.0812,37.822872,9.678688,2.569606,0.8476376
Albania,ALB,2002,48.984764,38.46687,9.19203,2.5882533,0.76808107
Albania,ALB,2003,48.885445,39.10175,8.713077,2.6088676,0.69085944
Albania,ALB,2004,50.717678,37.792904,8.241953,2.6314728,0.61599314
Albania,ALB,2005,52.57833,36.442852,7.7790694,2.6562014,0.54354334
Albania,ALB,2006,54.467083,35.05205,7.3243704,2.682996,0.47349867
Albania,ALB,2007,56.383842,33.620346,6.8780193,2.7119095,0.40588066
Albania,ALB,2008,58.32848,32.14767,6.4401646,2.7429793,0.34070617
Albania,ALB,2009,60.300903,30.633505,6.0112095,2.7763648,0.2780162
Albania,ALB,2010,62.30063,29.07885,5.5908566,2.811894,0.2177699
Albania,ALB,2011,64.3274,27.483486,5.179411,2.8497093,0.15999106
Albania,ALB,2012,66.38085,25.847927,4.7768054,2.8897512,0.10466496
Albania,ALB,2013,68.45983,24.171762,4.384006,2.932581,0.05181725
Albania,ALB,2014,70.56326,22.456797,4.000567,2.9780152,0.0013596156
Albania,ALB,2015,70.59197,22.802355,3.6263835,2.9792924,0
Albania,ALB,2016,70.61651,23.13837,3.2611578,2.9839642,0
Albania,ALB,2017,70.63694,23.465155,2.9046466,2.993257,0
Albania,ALB,2018,70.65335,23.783041,2.5565877,3.0070188,0
Albania,ALB,2019,70.665855,24.09237,2.2166874,3.0250878,0
Albania,ALB,2020,70.67454,24.393501,1.8846561,3.047305,0
Albania,ALB,2021,70.705795,24.37572,1.8788526,3.039634,0
Albania,ALB,2022,70.73607,24.358496,1.873232,3.0322044,0
Algeria,DZA,2000,70.078514,19.770311,5.538541,4.1419854,0.47064537
Algeria,DZA,2001,70.64218,19.471262,5.51749,3.923853,0.44520935
Algeria,DZA,2002,71.19186,19.181946,5.4961624,3.7096078,0.42042562
Algeria,DZA,2003,71.72697,18.902758,5.4746532,3.4993188,0.39630526
Algeria,DZA,2004,72.24755,18.633703,5.452968,3.2929358,0.3728412
Algeria,DZA,2005,72.75315,18.375103,5.4312057,3.0905004,0.35004056
Algeria,DZA,2006,73.24435,18.12661,5.409279,2.891885,0.32788062
Algeria,DZA,2007,73.72072,17.888512,5.3872867,2.6971145,0.30636686
Algeria,DZA,2008,74.18282,17.660484,5.365142,2.5060713,0.2854782
Algeria,DZA,2009,74.627686,17.444347,5.3435163,2.3191638,0.26528463
Algeria,DZA,2010,75.05681,17.239166,5.322189,2.1361005,0.24573712
Algeria,DZA,2011,75.46992,17.045073,5.3013167,1.9568614,0.22683232
Algeria,DZA,2012,75.86762,16.877562,5.264979,1.7812915,0.20854479
Algeria,DZA,2013,76.250145,16.72074,5.2289624,1.609298,0.19085851
Algeria,DZA,2014,76.61823,16.574116,5.19319,1.4407178,0.17374536
Algeria,DZA,2015,76.97196,16.437597,5.1577806,1.2754688,0.15719289
Algeria,DZA,2016,76.39486,17.227917,5.122655,1.1133953,0.14117444
Algeria,DZA,2017,75.730545,18.101433,5.0879326,0.95441663,0.12567607
Algeria,DZA,2018,75.03613,19.001284,5.053533,0.79837924,0.110672675
Algeria,DZA,2019,73.95388,20.285263,5.0195265,0.64518666,0.09614713
Algeria,DZA,2020,72.248146,22.189182,4.985881,0.4947109,0.0820783
Algeria,DZA,2021,70.54703,24.085072,4.9526157,0.34683487,0.06844745
Algeria,DZA,2022,70.59793,24.063463,4.9260125,0.34456024,0.06802979
American Samoa,ASM,2000,80.575195,14.357098,0,5.0677094,0
American Samoa,ASM,2001,81.616714,13.569252,0,4.8140354,0
American Samoa,ASM,2002,82.662636,12.777001,0,4.5603614,0
American Samoa,ASM,2003,83.71297,11.980348,0,4.306687,0
American Samoa,ASM,2004,84.7677,11.17929,0,4.053013,0
American Samoa,ASM,2005,85.826836,10.373829,0,3.7993386,0
American Samoa,ASM,2006,86.89037,9.563964,0,3.5456643,0
American Samoa,ASM,2007,87.55782,9.150187,0,3.2919903,0
American Samoa,ASM,2008,87.7875,9.174189,0,3.038316,0
American Samoa,ASM,2009,88.017166,9.198191,0,2.7846417,0
American Samoa,ASM,2010,88.24684,9.222193,0,2.5309677,0
American Samoa,ASM,2011,88.47651,9.246194,0,2.2772934,0
American Samoa,ASM,2012,88.706184,9.270196,0,2.0236192,0
American Samoa,ASM,2013,88.93586,9.294198,0,1.769945,0
American Samoa,ASM,2014,89.16553,9.318199,0,1.5162708,0
American Samoa,ASM,2015,89.3952,9.342201,0,1.2625966,0
American Samoa,ASM,2016,89.62488,9.366203,0,1.0089223,0
American Samoa,ASM,2017,89.854546,9.390204,0,0.7552482,0
American Samoa,ASM,2018,89.854546,9.390204,0,0.7552482,0
American Samoa,ASM,2019,89.854546,9.390204,0,0.7552482,0
American Samoa,ASM,2020,89.854546,9.390204,0,0.7552482,0
American Samoa,ASM,2021,89.854546,9.390204,0,0.7552482,0
Americas (WHO),,2000,78.202034,15.711216,0.5584882,3.9330235,1.5952386
Americas (WHO),,2001,78.39714,15.757779,0.54051524,3.7555056,1.549062
Americas (WHO),,2002,78.58096,15.816547,0.5197104,3.5648248,1.5179558
Americas (WHO),,2003,78.738655,15.897185,0.4990742,3.397321,1.467763
Americas (WHO),,2004,78.8948,15.973004,0.4800471,3.2336006,1.4185513
Americas (WHO),,2005,78.962524,16.020323,0.46142146,3.1862547,1.3694767
Americas (WHO),,2006,79.12321,16.088709,0.44282973,3.024753,1.320498
Americas (WHO),,2007,82.537674,12.900807,0.42423216,2.8656573,1.2716312
Americas (WHO),,2008,82.710014,12.949342,0.40762854,2.7097464,1.223271
Americas (WHO),,2009,82.879105,12.983365,0.40571454,2.556124,1.1756893
Americas (WHO),,2010,83.04701,13.041983,0.40397468,2.378429,1.128598
Americas (WHO),,2011,83.07879,13.233461,0.40225878,2.2036378,1.0818505
Americas (WHO),,2012,83.10674,13.424305,0.40084293,2.0326748,1.0354329
Americas (WHO),,2013,83.17392,13.567996,0.39880064,1.8794901,0.979794
Americas (WHO),,2014,83.23802,13.71255,0.39615527,1.7271118,0.9261609
Americas (WHO),,2015,83.29857,13.857594,0.3936781,1.5750338,0.875122
Americas (WHO),,2016,83.34715,13.994408,0.3904658,1.4445901,0.82338256
Americas (WHO),,2017,83.415955,14.08187,0.37142703,1.1157341,1.0150113
Americas (WHO),,2018,83.479355,14.209925,0.3720433,0.9353575,1.0033193
Americas (WHO),,2019,83.56374,14.313063,0.36367273,0.8284404,0.93108344
Americas (WHO),,2020,83.6085,14.46502,0.30825433,0.75592005,0.86230445
Americas (WHO),,2021,81.432304,16.928585,0.26444688,0.62873966,0.7459275
Americas (WHO),,2022,81.45162,17.000431,0.26352015,0.58127683,0.70315003
Andorra,AND,2000,90.64,9.36,0,5.367367e-7,0
Andorra,AND,2001,90.64,9.359999,0,0,0
Andorra,AND,2002,90.64,9.359999,0,0,0
Andorra,AND,2003,90.64,9.36,0,0,0
Andorra,AND,2004,90.64,9.359999,0,0,0
Andorra,AND,2005,90.64,9.36,0,0.0000021217718,0
Andorra,AND,2006,90.64001,9.359996,0,0,0
Andorra,AND,2007,90.64001,9.359997,0,0,0
Andorra,AND,2008,90.64001,9.359996,0,0,0
Andorra,AND,2009,90.64001,9.359996,0,0,0
Andorra,AND,2010,90.64,9.36,0,0.0000019255103,0
Andorra,AND,2011,90.64,9.359999,0,0,0
Andorra,AND,2012,90.64,9.36,0,0.0000019983206,0
Andorra,AND,2013,90.64,9.359998,0,0,0
Andorra,AND,2014,90.64,9.36,0,0,0
Andorra,AND,2015,90.64,9.359999,0,0,0
Andorra,AND,2016,90.64,9.36,0,0.00000399665,0
Andorra,AND,2017,90.64001,9.359997,0,0,0
Andorra,AND,2018,90.64,9.36,0,0.000004434453,0
Andorra,AND,2019,90.64,9.36,0,0.0000032079374,0
Andorra,AND,2020,90.64,9.36,0,0.0000014728561,0
Andorra,AND,2021,90.64,9.359999,0,0,0
Andorra,AND,2022,90.64,9.359999,0,0,0
Angola,AGO,2000,,,21.087704,9.072292,28.695694
Angola,AGO,2001,,,20.556536,9.111735,28.077053
Angola,AGO,2002,,,20.014376,9.141613,27.46721
Angola,AGO,2003,,,19.407177,9.67336,26.555592
Angola,AGO,2004,,,18.79056,10.218383,25.639723
Angola,AGO,2005,,,18.164276,10.777518,24.722189
Angola,AGO,2006,,,17.500805,11.397855,23.951109
Angola,AGO,2007,,,16.83318,12.027054,23.178297
Angola,AGO,2008,,,16.16174,12.664817,22.40304
Angola,AGO,2009,,,15.48646,13.311532,21.626844
Angola,AGO,2010,,,14.8077345,13.9668045,20.848621
Angola,AGO,2011,,,14.125724,14.630674,20.068766
Angola,AGO,2012,,,13.440605,15.303167,19.287685
Angola,AGO,2013,,,12.752576,15.984276,18.505802
Angola,AGO,2014,,,12.061908,16.673824,17.722761
Angola,AGO,2015,,,11.368619,17.372355,16.942097
Angola,AGO,2016,,,10.673101,18.07951,16.163116
Angola,AGO,2017,,,9.975666,18.795135,15.386289
Angola,AGO,2018,,,9.276622,19.519142,14.612487
Angola,AGO,2019,,,9.282047,19.484594,14.350322
Angola,AGO,2020,,,9.28735,19.450825,14.094088
Angola,AGO,2021,,,9.292547,19.417732,13.842997
Angola,AGO,2022,,,9.297628,19.38537,13.59744
Anguilla,AIA,2000,,,0,3.8307693,0
Anguilla,AIA,2001,,,0,3.729766,0
Anguilla,AIA,2002,,,0,3.6287625,0
Anguilla,AIA,2003,,,0,3.5277593,0
Anguilla,AIA,2004,,,0,3.426756,0
Anguilla,AIA,2005,,,0,3.3257525,0
Anguilla,AIA,2006,,,0,3.224749,0
Anguilla,AIA,2007,,,0,3.123746,0
Anguilla,AIA,2008,,,0,3.0227425,0
Anguilla,AIA,2009,,,0,2.921739,0
Anguilla,AIA,2010,,,0,2.8207357,0
Anguilla,AIA,2011,,,0,2.7197325,0
Anguilla,AIA,2012,,,0,2.618729,0
Anguilla,AIA,2013,,,0,2.5177257,0
Anguilla,AIA,2014,,,0,2.5177257,0
Anguilla,AIA,2015,,,0,2.5177257,0
Anguilla,AIA,2016,,,0,2.5177257,0
Anguilla,AIA,2017,,,0,2.5177257,0
Antigua and Barbuda,ATG,2009,,,0,1.4171478,0.21629648
Antigua and Barbuda,ATG,2010,,,0,1.4173537,0.21646972
Antigua and Barbuda,ATG,2011,,,0,1.4175489,0.2166295
Antigua and Barbuda,ATG,2012,,,0,1.4176104,0.21668237
Antigua and Barbuda,ATG,2013,,,0,1.4176712,0.21673496
Antigua and Barbuda,ATG,2014,,,0,1.4177377,0.21678722
Antigua and Barbuda,ATG,2015,,,0,1.4177983,0.21683949
Antigua and Barbuda,ATG,2016,,,0,1.4178522,0.21688549
Antigua and Barbuda,ATG,2017,,,0,1.4178994,0.21692522
Antigua and Barbuda,ATG,2018,,,0,1.4179401,0.21695927
Antigua and Barbuda,ATG,2019,,,0,1.4179742,0.21698704
Antigua and Barbuda,ATG,2020,,,0,1.4179974,0.21700886
Antigua and Barbuda,ATG,2021,,,0,1.418018,0.21702468
Antigua and Barbuda,ATG,2022,,,0,1.4180295,0.21703483
Argentina,ARG,2000,,,0,2.5692546,1.1467197
Argentina,ARG,2001,,,0,2.3946793,1.0825008
Argentina,ARG,2002,,,0,2.224116,1.0204145
Argentina,ARG,2003,,,0,2.0572815,0.9603019
Argentina,ARG,2004,,,0,1.8937861,0.90186775
Argentina,ARG,2005,,,0,1.7336534,0.8451582
Argentina,ARG,2006,,,0,1.5767198,0.7900661
Argentina,ARG,2007,,,0,1.4230101,0.7366297
Argentina,ARG,2008,,,0,1.2723718,0.68475014
Argentina,ARG,2009,,,0,1.1248139,0.63445693
Argentina,ARG,2010,,,0,0.98024124,0.5857108
Argentina,ARG,2011,,,0,0.83901334,0.5391239
Argentina,ARG,2012,,,0,0.7005262,0.49418014
Argentina,ARG,2013,,,0,0.6473787,0.48842236
Argentina,ARG,2014,,,0,0.59408844,0.48266354
Argentina,ARG,2015,,,0,0.5407036,0.47698823
Argentina,ARG,2016,,,0,0.48686865,0.47175756
Armenia,ARM,2000,82.350716,12.981461,2.110092,2.3610754,0.19665301
Armenia,ARM,2001,82.45862,13.129341,1.9819851,2.2208745,0.20918097
Armenia,ARM,2002,82.57382,13.285291,1.8471481,2.07266,0.22107677
Armenia,ARM,2003,82.6919,13.444957,1.7091212,1.9212747,0.23274185
Armenia,ARM,2004,82.81056,13.606103,1.5697194,1.7691618,0.24445644
Armenia,ARM,2005,82.929756,13.768703,1.4289623,1.6163508,0.2562272
Armenia,ARM,2006,83.04957,13.932836,1.2867869,1.4627701,0.2680411
Armenia,ARM,2007,83.16992,14.098443,1.1432365,1.3084848,0.27991164
Armenia,ARM,2008,83.29089,14.265589,0.99825877,1.153435,0.29182488
Armenia,ARM,2009,83.26617,14.580479,0.85188645,0.9976753,0.30379522
Armenia,ARM,2010,83.24159,14.897326,0.70409113,0.84117866,0.31581557
Armenia,ARM,2011,83.21717,15.216141,0.5548656,0.68393797,0.327886
Armenia,ARM,2012,83.19289,15.536934,0.40420255,0.5259681,0.34000644
Armenia,ARM,2013,83.16902,15.859902,0.25195998,0.36714476,0.35197034
Armenia,ARM,2014,83.14535,16.179527,0.10361854,0.20774606,0.36375973
Armenia,ARM,2015,83.07821,16.44635,0,0.1005901,0.37484905
Armenia,ARM,2016,82.93473,16.59462,0,0.08584446,0.38480455
Armenia,ARM,2017,82.79146,16.742949,0,0.0711265,0.39446595
Armenia,ARM,2018,82.95984,16.95499,0,0.05642032,0.028751193
Armenia,ARM,2019,82.822845,17.105324,0,0.043045007,0.028783064
Armenia,ARM,2020,82.68582,17.255697,0,0.02965774,0.02882586
Armenia,ARM,2021,82.548775,17.406116,0,0.016226301,0.028879587
Armenia,ARM,2022,82.41172,17.556581,0,0.0027512636,0.028944239
Aruba,ABW,2000,,,0,5.4195766,0.09161704
Aruba,ABW,2001,,,0,5.1312733,0.09823565
Aruba,ABW,2002,,,0,4.84297,0.10485427
Aruba,ABW,2003,,,0,4.5546665,0.11147288
Aruba,ABW,2004,,,0,4.266363,0.118091494
Aruba,ABW,2005,,,0,3.9780598,0.12471011
Aruba,ABW,2006,,,0,3.6897564,0.13132873
Aruba,ABW,2007,,,0,3.401453,0.13794734
Aruba,ABW,2008,,,0,3.1131496,0.14456595
Aruba,ABW,2009,,,0,2.8248463,0.15118457
Aruba,ABW,2010,,,0,2.536543,0.15780318
Aruba,ABW,2011,,,0,2.2482395,0.1644218
Aruba,ABW,2012,,,0,1.9599363,0.17104042
Aruba,ABW,2013,,,0,1.9599363,0.17104042
Aruba,ABW,2014,,,0,1.9599363,0.17104042
Aruba,ABW,2015,,,0,1.9599363,0.17104042
Aruba,ABW,2016,,,0,1.9599363,0.17104042
Australia,AUS,2000,,,0,0.24040982,0.047294997
Australia,AUS,2001,,,0,0.2410559,0.047699995
Australia,AUS,2002,,,0,0.2404727,0.047333997
Australia,AUS,2003,,,0,0.21867046,0.04697101
Australia,AUS,2004,,,0,0.19704574,0.046611
Australia,AUS,2005,,,0,0.17559732,0.046253998
Australia,AUS,2006,,,0,0.15432605,0.0459
Australia,AUS,2007,,,0,0.13321184,0.045534004
Australia,AUS,2008,,,0,0.11227389,0.045170993
Australia,AUS,2009,,,0,0.09151428,0.044811007
Australia,AUS,2010,,,0,0.07240595,0.044449557
Australia,AUS,2011,,,0,0.06397856,0.044059616
Australia,AUS,2012,,,0,0.055512182,0.043718223
Australia,AUS,2013,,,0,0.04702723,0.04338338
Australia,AUS,2014,,,0,0.038523585,0
Australia,AUS,2015,,,0,0.029999096,0
Australia,AUS,2016,,,0,0.030033324,0
Australia,AUS,2017,,,0,0.030062495,0
Australia,AUS,2018,,,0,0.030106232,0
Australia,AUS,2019,,,0,0.030145634,0
Australia,AUS,2020,,,0,0.03018235,0
Australia,AUS,2021,,,0,0.03022533,0
Australia,AUS,2022,,,0,0.030268608,0
Australia and New Zealand (SDG),,2000,,,0,0.19988896,0.03932346
Australia and New Zealand (SDG),,2001,,,0,0.20053317,0.03968136
Australia and New Zealand (SDG),,2002,,,0,0.19993703,0.03935505
Australia and New Zealand (SDG),,2003,,,0,0.18160976,0.039010253
Australia and New Zealand (SDG),,2004,,,0,0.16354568,0.03868653
Australia and New Zealand (SDG),,2005,,,0,0.14573845,0.03838889
Australia and New Zealand (SDG),,2006,,,0,0.1281537,0.038115647
Australia and New Zealand (SDG),,2007,,,0,0.11076469,0.037861202
Australia and New Zealand (SDG),,2008,,,0,0.09352288,0.03762676
Australia and New Zealand (SDG),,2009,,,0,0.07634794,0.037384633
Australia and New Zealand (SDG),,2010,,,0,0.060470056,0.037122075
Australia and New Zealand (SDG),,2011,,,0,0.0534952,0.036840122
Australia and New Zealand (SDG),,2012,,,0,0.046491235,0.03661384
Australia and New Zealand (SDG),,2013,,,0,0.039433572,0.036378045
Australia and New Zealand (SDG),,2014,,,0,0.032309357,0
Australia and New Zealand (SDG),,2015,,,0,0.025151996,0
Australia and New Zealand (SDG),,2016,,,0,0.025176095,0
Australia and New Zealand (SDG),,2017,,,0,0.0251988,0
Australia and New Zealand (SDG),,2018,,,0,0.025220895,0
Australia and New Zealand (SDG),,2019,,,0,0.0252145,0
Australia and New Zealand (SDG),,2020,,,0,0.025211604,0
Australia and New Zealand (SDG),,2021,,,0,0.025232598,0
Australia and New Zealand (SDG),,2022,,,0,0.02526421,0
Austria,AUT,2000,96.71924,3.280765,0,2.682051e-7,0
Austria,AUT,2001,96.890495,3.1095023,0,0,0
Austria,AUT,2002,97.06175,2.9382448,0,7.010853e-7,0
Austria,AUT,2003,97.23301,2.7669847,0,0.0000029585135,0
Austria,AUT,2004,97.404274,2.5957246,0,0.0000024858598,0
Austria,AUT,2005,97.57553,2.4244645,0,7.834309e-7,0
Austria,AUT,2006,97.746796,2.2532022,0,0,0
Austria,AUT,2007,97.91805,2.0819445,0,9.1831737e-7,0
Austria,AUT,2008,98.08932,1.9106843,0,0.0000016899746,0
Austria,AUT,2009,98.260574,1.7394235,0,0,0
Austria,AUT,2010,98.43184,1.5681629,0,0,0
Austria,AUT,2011,98.603096,1.3969041,0,5.818968e-7,0
Austria,AUT,2012,98.77435,1.225644,0,0.0000033364427,0
Austria,AUT,2013,98.91264,1.087356,0,0.000002142105,0
Austria,AUT,2014,98.91103,1.0889691,0,0,0
Austria,AUT,2015,98.909424,1.0905775,0,0.0000011751627,0
Austria,AUT,2016,98.90781,1.0921918,0,0,0
Austria,AUT,2017,98.906204,1.0937979,0,0,0
Austria,AUT,2018,98.90447,1.0955245,0,6.848797e-7,0
Austria,AUT,2019,98.90262,1.0973774,0,0.0000034091938,0
Austria,AUT,2020,98.90064,1.0993569,0,0,0
Austria,AUT,2021,98.898544,1.1014571,0,0,0
Austria,AUT,2022,98.896324,1.103676,0,6.335912e-7,0
Azerbaijan,AZE,2000,57.748554,15.668026,7.717085,8.377584,10.48875
Azerbaijan,AZE,2001,59.488415,15.150969,7.357053,8.087611,9.915955
Azerbaijan,AZE,2002,60.110435,15.75985,6.983519,7.799085,9.347112
Azerbaijan,AZE,2003,60.72896,16.38087,6.596523,7.511769,8.7818775
Azerbaijan,AZE,2004,61.343765,17.013733,6.1962805,7.225792,8.220428
Azerbaijan,AZE,2005,61.954678,17.658154,5.783004,6.9412622,7.662904
Azerbaijan,AZE,2006,62.561893,18.31411,5.3567924,6.6580563,7.109147
Azerbaijan,AZE,2007,63.165577,18.981562,4.917752,6.3760734,6.5590353
Azerbaijan,AZE,2008,63.765392,19.660116,4.4661417,6.0955315,6.0128193
Azerbaijan,AZE,2009,64.36151,20.34974,4.0020666,5.8163133,5.4703712
Azerbaijan,AZE,2010,64.956116,21.051767,3.5250115,5.5368967,4.930209
Azerbaijan,AZE,2011,65.54863,21.765636,3.0353265,5.257541,4.3928695
Azerbaijan,AZE,2012,66.13864,22.490862,2.5333393,4.9783792,3.8587754
Azerbaijan,AZE,2013,66.725845,23.227007,2.0193677,4.699491,3.3282857
Azerbaijan,AZE,2014,67.3097,23.973455,1.4938258,4.4211125,2.8019087
Azerbaijan,AZE,2015,67.889786,24.67954,1.0072204,4.143389,2.2800667
Azerbaijan,AZE,2016,68.46568,24.887478,1.017181,3.8664744,1.7631845
Azerbaijan,AZE,2017,69.03699,25.094248,1.0265677,3.5905137,1.2516853
Azerbaijan,AZE,2018,69.603264,25.299711,1.0353636,3.3078094,0.7538502
Azerbaijan,AZE,2019,70.16406,25.503683,1.0435755,2.9897368,0.29893976
Azerbaijan,AZE,2020,70.67331,25.688772,1.0511638,2.586754,0
Azerbaijan,AZE,2021,71.14635,25.860754,1.0581609,1.9347371,0
Azerbaijan,AZE,2022,71.6117,26.030483,1.064502,1.2933112,0
Bahamas,BHS,2000,,,0,1.7545044,0
Bahamas,BHS,2001,,,0,1.71174,0
Bahamas,BHS,2002,,,0,1.6689757,0
Bahamas,BHS,2003,,,0,1.6262114,0
Bahamas,BHS,2004,,,0,1.5834471,0
Bahamas,BHS,2005,,,0,1.5406828,0
Bahamas,BHS,2006,,,0,1.4979185,0
Bahamas,BHS,2007,,,0,1.4551541,0
Bahamas,BHS,2008,,,0,1.4123898,0
Bahamas,BHS,2009,,,0,1.3696254,0
Bahamas,BHS,2010,,,0,1.3268611,0
Bahamas,BHS,2011,,,0,1.2840968,0
Bahamas,BHS,2012,,,0,1.2413325,0
Bahamas,BHS,2013,,,0,1.1985681,0
Bahamas,BHS,2014,,,0,1.1558038,0
Bahamas,BHS,2015,,,0,1.1130395,0
Bahamas,BHS,2016,,,0,1.1130395,0
Bahamas,BHS,2017,,,0,1.1130395,0
Bahamas,BHS,2018,,,0,1.1130395,0
Bahamas,BHS,2019,,,0,1.1130395,0
Bahrain,BHR,2000,98.88198,1.0766857,0,0.0413346,0
Bahrain,BHR,2001,98.8885,1.0682303,0,0.04327292,0
Bahrain,BHR,2002,98.89501,1.0597752,0,0.045211237,0
Bahrain,BHR,2003,98.90153,1.0513206,0,0.047149558,0
Bahrain,BHR,2004,98.90804,1.0428661,0,0.049087875,0
Bahrain,BHR,2005,98.91456,1.0344121,0,0.051026195,0
Bahrain,BHR,2006,98.921074,1.0259584,0,0.052964512,0
Bahrain,BHR,2007,98.92759,1.0175049,0,0.054902833,0
Bahrain,BHR,2008,98.927,1.0161599,0,0.05684115,0
Bahrain,BHR,2009,98.92508,1.0161402,0,0.05877947,0
Bahrain,BHR,2010,98.923164,1.0161206,0,0.060717788,0
Bahrain,BHR,2011,98.92124,1.0161009,0,0.062656105,0
Bahrain,BHR,2012,98.91933,1.0160811,0,0.064594425,0
Bahrain,BHR,2013,98.917404,1.0160614,0,0.066532746,0
Bahrain,BHR,2014,98.91549,1.0160418,0,0.06847107,0
Bahrain,BHR,2015,98.91357,1.016022,0,0.07040939,0
Bahrain,BHR,2016,98.91165,1.0160023,0,0.0723477,0
Bahrain,BHR,2017,98.90973,1.0159826,0,0.07428602,0
Bahrain,BHR,2018,98.907814,1.0159628,0,0.07622434,0
Bahrain,BHR,2019,98.90589,1.0159432,0,0.07816266,0
Bahrain,BHR,2020,98.90398,1.0159235,0,0.080100976,0
Bahrain,BHR,2021,98.90398,1.0159235,0,0.080100976,0
Bahrain,BHR,2022,98.90398,1.0159235,0,0.080100976,0
Bangladesh,BGD,2000,55.318703,39.50022,1.1302779,1.8387239,2.2120771
Bangladesh,BGD,2001,55.325115,39.66857,1.1258554,1.7462933,2.1341653
Bangladesh,BGD,2002,55.303715,39.870056,1.1193911,1.6528677,2.0539715
Bangladesh,BGD,2003,55.278748,40.073814,1.1127197,1.5603361,1.9743817
Bangladesh,BGD,2004,55.250355,40.27962,1.1058534,1.4687358,1.8954383
Bangladesh,BGD,2005,55.21885,40.49011,1.0957308,1.3781132,1.8171985
Bangladesh,BGD,2006,55.183674,40.70104,1.0871848,1.2884711,1.7396322
Bangladesh,BGD,2007,55.14497,40.91213,1.0802805,1.1998408,1.6627803
Bangladesh,BGD,2008,55.102875,41.123104,1.0750777,1.1122632,1.5866805
Bangladesh,BGD,2009,55.057545,41.333687,1.0716311,1.0257668,1.5113689
Bangladesh,BGD,2010,55.008587,41.54424,1.0699744,0.9403637,1.4368365
Bangladesh,BGD,2011,54.95632,41.754276,1.0701681,0.8561018,1.3631328
Bangladesh,BGD,2012,55.30369,41.56069,1.0722705,0.7730045,1.2903404
Bangladesh,BGD,2013,55.666878,41.347183,1.0763122,0.6911093,1.2185167
Bangladesh,BGD,2014,56.04548,41.114185,1.0823025,0.6104043,1.1476295
Bangladesh,BGD,2015,56.440197,40.860905,1.0902575,0.530912,1.0777293
Bangladesh,BGD,2016,56.8508,40.587593,1.100188,0.45262477,1.0087962
Bangladesh,BGD,2017,57.277603,40.29389,1.1120996,0.37555438,0.94085264
Bangladesh,BGD,2018,57.720745,39.979668,1.1259929,0.2996881,0.8739075
Bangladesh,BGD,2019,58.180214,39.644924,1.1418688,0.22503568,0.8079589
Bangladesh,BGD,2020,58.656,39.289677,1.1597295,0.15158977,0.7430048
Bangladesh,BGD,2021,59.129845,38.90317,1.179315,0.1088879,0.67877746
Bangladesh,BGD,2022,59.109295,38.987766,1.1870869,0.10052952,0.61532056
Barbados,BRB,2000,,,0.2670844,1.4084921,0
Barbados,BRB,2001,,,0.26711157,1.3984636,0
Barbados,BRB,2002,,,0.26713872,1.388435,0
Barbados,BRB,2003,,,0.2671659,1.3784064,0
Barbados,BRB,2004,,,0.26719308,1.3683778,0
Barbados,BRB,2005,,,0.26722023,1.3583492,0
Barbados,BRB,2006,,,0.2672474,1.3483206,0
Barbados,BRB,2007,,,0.26727456,1.338292,0
Barbados,BRB,2008,,,0.26730174,1.3282634,0
Barbados,BRB,2009,,,0.2673289,1.3182349,0
Barbados,BRB,2010,,,0.26735607,1.3082063,0
Barbados,BRB,2011,,,0.26738325,1.2981777,0
Barbados,BRB,2012,,,0.2674104,1.2881491,0
Barbados,BRB,2013,,,0.26743758,1.2781205,0
Barbados,BRB,2014,,,0.26746473,1.2680919,0
Barbados,BRB,2015,,,0.2674919,1.2580633,0
Barbados,BRB,2016,,,0.2675191,1.2480347,0
Barbados,BRB,2017,,,0.26754624,1.2380062,0
Barbados,BRB,2018,,,0.26757342,1.2279776,0
Barbados,BRB,2019,,,0.26760057,1.217949,0
Barbados,BRB,2020,,,0.26760057,1.217949,0
Barbados,BRB,2021,,,0.26760057,1.217949,0
Barbados,BRB,2022,,,0.26760057,1.217949,0
Belarus,BLR,2000,81.812706,16.543528,1.353895,0.28986943,0
Belarus,BLR,2001,81.963066,16.385468,1.3632792,0.28818372,0
Belarus,BLR,2002,82.11219,16.228714,1.3725859,0.28651065,0
Belarus,BLR,2003,82.25976,16.073587,1.381796,0.28485942,0
Belarus,BLR,2004,83.36191,14.966905,1.3672777,0.30391103,0
Belarus,BLR,2005,84.4452,13.873681,1.3588262,0.32229388,0
Belarus,BLR,2006,85.50994,12.801058,1.3489813,0.3400166,0
Belarus,BLR,2007,86.55645,11.748695,1.3377653,0.3570919,0
Belarus,BLR,2008,87.58524,10.716019,1.3252137,0.3735267,0
Belarus,BLR,2009,88.59596,9.703377,1.3113099,0.38934818,0
Belarus,BLR,2010,89.600494,8.698764,1.2966955,0.40404925,0
Belarus,BLR,2011,90.58958,7.711736,1.280822,0.41786334,0
Belarus,BLR,2012,91.558914,6.7466316,1.2634583,0.43099567,0
Belarus,BLR,2013,92.31101,6.000909,1.244635,0.4434466,0
Belarus,BLR,2014,92.40423,5.9161363,1.2243778,0.4552608,0
Belarus,BLR,2015,92.496704,5.834149,1.2027277,0.46641672,0
Belarus,BLR,2016,92.588005,5.7553306,1.1797073,0.47695822,0
Belarus,BLR,2017,92.678314,5.679439,1.1553515,0.48689392,0
Belarus,BLR,2018,92.76655,5.6074533,1.1296949,0.49630684,0
Belarus,BLR,2019,92.85267,5.539317,1.1027882,0.50522494,0
Belarus,BLR,2020,92.93711,5.7144623,0.8347874,0.5136394,0
Belarus,BLR,2021,93.0194,6.168514,0.290469,0.5216144,0
Belarus,BLR,2022,93.099754,6.079112,0.2919811,0.5291508,0
Belgium,BEL,2000,99.63135,0.36864972,0,0.0000030992264,0
Belgium,BEL,2001,99.63135,0.36864972,0,0.0000014327425,0
Belgium,BEL,2002,99.631355,0.36864716,0,0,0
Belgium,BEL,2003,99.63135,0.36864972,0,0.000003344376,0
Belgium,BEL,2004,99.631355,0.3686463,0,0,0
Belgium,BEL,2005,99.631355,0.36864716,0,0,0
Belgium,BEL,2006,99.63135,0.36864972,0,0.0000016725161,0
Belgium,BEL,2007,99.63135,0.36864972,0,0.0000023763941,0
Belgium,BEL,2008,99.63135,0.36864972,0,0.0000045201464,0
Belgium,BEL,2009,99.63135,0.36864972,0,0.0000012454129,0
Belgium,BEL,2010,99.63966,0.36033466,0,6.4413223e-7,0
Belgium,BEL,2011,99.64798,0.3520196,0,0.0000042128395,0
Belgium,BEL,2012,99.656296,0.34370458,0,0.0000011763132,0
Belgium,BEL,2013,99.664604,0.33538952,0,0.000004363558,0
Belgium,BEL,2014,99.67293,0.32707447,0,0.0000014373134,0
Belgium,BEL,2015,99.68124,0.3187594,0,0.0000037180087,0
Belgium,BEL,2016,99.68956,0.31044036,0,0,0
Belgium,BEL,2017,99.69787,0.30212933,0,0.000001622316,0
Belgium,BEL,2018,99.706184,0.293814,0,0,0
Belgium,BEL,2019,99.71451,0.28549546,0,0,0
Belgium,BEL,2020,99.72281,0.2771842,0,0.0000037365285,0
Belgium,BEL,2021,99.73113,0.26886567,0,0,0
Belgium,BEL,2022,99.73945,0.26055062,0,0,0
Belize,BLZ,2000,,,1.086299,8.399951,3.082263
Belize,BLZ,2001,,,1.0951315,7.940291,2.8826199
Belize,BLZ,2002,,,1.1039671,7.480659,2.682874
Belize,BLZ,2003,,,1.1128055,7.0210576,2.483026
Belize,BLZ,2004,,,1.1216469,6.5614786,2.2830756
Belize,BLZ,2005,,,1.130491,6.101934,2.0830226
Belize,BLZ,2006,,,1.1393381,5.642414,1.8828675
Belize,BLZ,2007,,,1.1481884,5.182924,1.68261
Belize,BLZ,2008,,,1.1570413,4.7234616,1.4822501
Belize,BLZ,2009,,,1.1658971,4.264033,1.2817876
Belize,BLZ,2010,,,1.1766732,3.8046234,1.081223
Belize,BLZ,2011,,,1.187246,3.3447871,0.88036084
Belize,BLZ,2012,,,1.1976415,2.884459,0.67934597
Belize,BLZ,2013,,,1.2078954,2.4235778,0.47834116
Belize,BLZ,2014,,,1.2180489,1.9621396,0.2775114
Belize,BLZ,2015,,,1.2279404,1.5682261,0.028241986
Belize,BLZ,2016,,,1.2354321,1.1800272,0
Belize,BLZ,2017,,,1.2427156,0.7647064,0
Belize,BLZ,2018,,,1.2498248,0.35088214,0
Belize,BLZ,2019,,,1.2494879,0.34996232,0
Belize,BLZ,2020,,,1.2491107,0.34893343,0
Belize,BLZ,2021,,,1.248693,0.3477993,0
Belize,BLZ,2022,,,1.2482303,0.34653553,0
Benin,BEN,2000,,,7.3647156,19.656487,11.238386
Benin,BEN,2001,,,7.407364,19.750252,10.840736
Benin,BEN,2002,,,7.4459,19.83953,10.438417
Benin,BEN,2003,,,7.477734,19.921036,10.027931
Benin,BEN,2004,,,7.5094633,20.004606,9.619963
Benin,BEN,2005,,,7.5412087,20.09042,9.214709
Benin,BEN,2006,,,7.572916,20.178402,8.812096
Benin,BEN,2007,,,7.6045284,20.268503,8.412058
Benin,BEN,2008,,,7.63611,20.36081,8.014698
Benin,BEN,2009,,,7.6677766,20.455477,7.620182
Benin,BEN,2010,,,7.6994176,20.552366,7.228367
Benin,BEN,2011,,,7.7310357,20.651499,6.839268
Benin,BEN,2012,,,7.762635,20.75288,6.4529047
Benin,BEN,2013,,,7.7943306,20.856653,6.0694165
Benin,BEN,2014,,,7.825734,20.962404,5.688386
Benin,BEN,2015,,,7.856965,21.070292,5.3099847
Benin,BEN,2016,,,7.888029,21.180353,4.934255
Benin,BEN,2017,,,7.918932,21.292631,4.5612383
Benin,BEN,2018,,,7.949681,21.407145,4.190976
Benin,BEN,2019,,,7.9802814,21.523941,3.8235106
Benin,BEN,2020,,,8.01074,21.643047,3.4588835
Benin,BEN,2021,,,8.012287,21.764587,3.097217
Benin,BEN,2022,,,8.012769,21.8885,2.738461
Bermuda,BMU,2000,,,0,0.005857095,0
Bermuda,BMU,2001,,,0,0.013440669,0
Bermuda,BMU,2002,,,0,0.021024242,0
Bermuda,BMU,2003,,,0,0.028607817,0
Bermuda,BMU,2004,,,0,0.036191393,0
Bermuda,BMU,2005,,,0,0.043774966,0
Bermuda,BMU,2006,,,0,0.05135854,0
Bermuda,BMU,2007,,,0,0.058942113,0
Bermuda,BMU,2008,,,0,0.06652569,0
Bermuda,BMU,2009,,,0,0.07410926,0
Bermuda,BMU,2010,,,0,0.08169284,0
Bermuda,BMU,2011,,,0,0.08927641,0
Bermuda,BMU,2012,,,0,0.096859984,0
Bermuda,BMU,2013,,,0,0.096859984,0
Bermuda,BMU,2014,,,0,0.096859984,0
Bermuda,BMU,2015,,,0,0.096859984,0
Bermuda,BMU,2016,,,0,0.096859984,0
Bermuda,BMU,2017,,,0,0.096859984,0
Bermuda,BMU,2018,,,0,0.096859984,0
Bermuda,BMU,2019,,,0,0.096859984,0
Bermuda,BMU,2020,,,0,0.096859984,0
Bermuda,BMU,2021,,,0,0.096859984,0
Bermuda,BMU,2022,,,0,0.096859984,0
Bhutan,BTN,2000,22.292807,60.068794,1.9997977,6.0925474,9.546052
Bhutan,BTN,2001,22.74601,60.721275,2.034288,5.0773625,9.421064
Bhutan,BTN,2002,23.200964,61.418995,2.0006013,4.6715813,8.70786
Bhutan,BTN,2003,23.657469,62.09646,1.9634005,4.2743254,8.008347
Bhutan,BTN,2004,24.115568,62.752823,1.9226156,3.8859265,7.3230667
Bhutan,BTN,2005,24.564245,63.392517,1.8777725,3.5087705,6.656697
Bhutan,BTN,2006,24.918528,64.06044,1.8263396,3.1566715,6.0380244
Bhutan,BTN,2007,25.27158,64.715195,1.7721738,2.811075,5.4299793
Bhutan,BTN,2008,25.623327,65.3565,1.7152584,2.472126,4.83279
Bhutan,BTN,2009,25.973024,65.98453,1.6555679,2.1400237,4.2468553
Bhutan,BTN,2010,26.321068,66.59876,1.5931028,1.8148314,3.672236
Bhutan,BTN,2011,30.242043,63.6243,1.5278522,1.4966701,3.1091375
Bhutan,BTN,2012,34.166004,60.630077,1.459814,1.1858295,2.5582764
Bhutan,BTN,2013,38.090397,57.618755,1.3890382,0.88223964,2.0195692
Bhutan,BTN,2014,42.761097,53.84468,1.315582,0.58578753,1.4928527
Bhutan,BTN,2015,47.45907,50.027157,1.2395023,0.2963528,0.9779216
Bhutan,BTN,2016,52.089092,46.09715,1.1585552,0.18167305,0.47353294
Bhutan,BTN,2017,56.59075,42.06909,1.0724095,0.1821621,0.0855867
Bhutan,BTN,2018,60.826775,37.93822,0.97955936,0.18250017,0.07294397
Bhutan,BTN,2019,65.00831,33.864006,0.88523144,0.18267626,0.059780095
Bhutan,BTN,2020,69.13716,29.844559,0.78947663,0.18270138,0.04610433
Bhutan,BTN,2021,72.665565,26.461428,0.65850675,0.18256766,0.031930976
Bhutan,BTN,2022,73.341995,25.789454,0.65067285,0.18544647,0.032434348
Bolivia,BOL,2000,,,0.34697145,6.207937,12.673517
Bolivia,BOL,2001,,,0.3363771,5.9738026,12.195729
Bolivia,BOL,2002,,,0.325768,5.742888,11.738849
Bolivia,BOL,2003,,,0.31497717,5.5134106,11.29306
Bolivia,BOL,2004,,,0.30396137,5.284792,10.855218
Bolivia,BOL,2005,,,0.2927444,5.0571394,10.425826
Bolivia,BOL,2006,,,0.28132445,4.830276,10.003985
Bolivia,BOL,2007,,,0.26972935,4.604358,9.590454
Bolivia,BOL,2008,,,0.2579582,4.3792186,9.184376
Bolivia,BOL,2009,,,0.24603729,4.1550198,8.786467
Bolivia,BOL,2010,,,0.23397437,3.9316907,8.396391
Bolivia,BOL,2011,,,0.22177808,3.709176,8.013849
Bolivia,BOL,2012,,,0.20946448,3.4875202,7.639014
Bolivia,BOL,2013,,,0.19720903,3.2693086,7.283409
Bolivia,BOL,2014,,,0.18491812,3.0534132,6.941334
Bolivia,BOL,2015,,,0.1724886,2.8381681,6.6051755
Bolivia,BOL,2016,,,0.1599277,2.6235306,6.2746925
Bolivia,BOL,2017,,,0.14724924,2.4095724,5.9502296
Bolivia,BOL,2018,,,0.13445266,2.1960385,5.630665
Bolivia,BOL,2019,,,0.135047,1.9829307,5.3160686
Bolivia,BOL,2020,,,0.13561702,1.7702893,5.006672
Bolivia,BOL,2021,,,0.13616246,1.5581365,4.7025223
Bolivia,BOL,2022,,,0.13668162,1.3464241,4.403524
"Bonaire, Sint Eustatius and Saba",,2000,83.55975,15.062163,0,1.3780867,0
"Bonaire, Sint Eustatius and Saba",,2001,84.33308,14.354463,0,1.3124635,0
"Bonaire, Sint Eustatius and Saba",,2002,85.10735,13.645807,0,1.2468404,0
"Bonaire, Sint Eustatius and Saba",,2003,85.88258,12.936197,0,1.1812172,0
"Bonaire, Sint Eustatius and Saba",,2004,86.658775,12.225633,0,1.115594,0
"Bonaire, Sint Eustatius and Saba",,2005,87.43591,11.514114,0,1.0499709,0
"Bonaire, Sint Eustatius and Saba",,2006,88.21401,10.801641,0,0.98434764,0
"Bonaire, Sint Eustatius and Saba",,2007,88.993065,10.088213,0,0.9187245,0
"Bonaire, Sint Eustatius and Saba",,2008,89.77307,9.373831,0,0.8531013,0
"Bonaire, Sint Eustatius and Saba",,2009,90.55403,8.658494,0,0.78747815,0
"Bonaire, Sint Eustatius and Saba",,2010,91.335945,7.9422026,0,0.7218549,0
"Bonaire, Sint Eustatius and Saba",,2011,92.11881,7.224957,0,0.65623176,0
"Bonaire, Sint Eustatius and Saba",,2012,92.90263,6.5067563,0,0.5906086,0
"Bonaire, Sint Eustatius and Saba",,2013,93.687416,5.7876015,0,0.52498543,0
"Bonaire, Sint Eustatius and Saba",,2014,94.473145,5.067492,0,0.45936224,0
"Bonaire, Sint Eustatius and Saba",,2015,95.259834,4.3464284,0,0.39373907,0
"Bonaire, Sint Eustatius and Saba",,2016,96.04748,3.62441,0,0.32811588,0
"Bonaire, Sint Eustatius and Saba",,2017,96.83607,2.9014368,0,0.26249272,0
"Bonaire, Sint Eustatius and Saba",,2018,97.62562,2.1775095,0,0.19686954,0
"Bonaire, Sint Eustatius and Saba",,2019,98.41612,1.4526274,0,0.13124636,0
"Bonaire, Sint Eustatius and Saba",,2020,99.20759,0.72679096,0,0.06562318,0
"Bonaire, Sint Eustatius and Saba",,2021,100,2.2737368e-13,0,0,0
"Bonaire, Sint Eustatius and Saba",,2022,100,0,0,0,0
Bosnia and Herzegovina,BIH,2000,87.34998,9.919723,1.1292926,1.3778921,0.22311293
Bosnia and Herzegovina,BIH,2001,87.472725,9.748833,1.3081497,1.26513,0.20516449
Bosnia and Herzegovina,BIH,2002,87.59462,9.576189,1.4885792,1.1532968,0.18731813
Bosnia and Herzegovina,BIH,2003,87.71558,9.40183,1.6705896,1.0424173,0.16958015
Bosnia and Herzegovina,BIH,2004,87.83569,9.225702,1.8541852,0.93247616,0.1519456
Bosnia and Herzegovina,BIH,2005,87.95483,9.047881,2.0393612,0.82350945,0.13442235
Bosnia and Herzegovina,BIH,2006,88.07303,8.868345,2.2261171,0.7154987,0.11700779
Bosnia and Herzegovina,BIH,2007,88.19037,8.68703,2.4144692,0.60525274,0.10288386
Bosnia and Herzegovina,BIH,2008,88.30676,8.503992,2.6044054,0.49592847,0.08891486
Bosnia and Herzegovina,BIH,2009,88.42221,8.319236,2.795924,0.3742278,0.088399895
Bosnia and Herzegovina,BIH,2010,88.536736,8.132762,2.9890232,0.25359678,0.08788494
Bosnia and Herzegovina,BIH,2011,88.65034,7.9445305,3.1837184,0.13404411,0.08736838
Bosnia and Herzegovina,BIH,2012,88.70229,7.7477384,3.3782942,0.08493627,0.08673836
Bosnia and Herzegovina,BIH,2013,88.79768,7.5543222,3.5756087,0.072386764,0
Bosnia and Herzegovina,BIH,2014,88.817184,7.3509426,3.7722104,0.059661888,0
Bosnia and Herzegovina,BIH,2015,88.82513,7.334717,3.78007,0.060086567,0
Bosnia and Herzegovina,BIH,2016,88.83336,7.317906,3.788213,0.060522877,0
Bosnia and Herzegovina,BIH,2017,88.841896,7.3004613,3.7966628,0.060978394,0
Bosnia and Herzegovina,BIH,2018,88.85069,7.2824807,3.8053718,0.06145405,0
Bosnia and Herzegovina,BIH,2019,88.72298,7.400725,3.8143647,0.061934814,0
Bosnia and Herzegovina,BIH,2020,88.138885,7.975015,3.823664,0.062438965,0
Bosnia and Herzegovina,BIH,2021,87.55479,8.549039,3.8332229,0.06295451,0
Bosnia and Herzegovina,BIH,2022,86.97068,9.122795,3.8430417,0.06348414,0
Botswana,BWA,2000,,,20.47434,1.3685982,2.987426
Botswana,BWA,2001,,,20.236837,1.3937901,2.8492677
Botswana,BWA,2002,,,20.105682,1.4283524,2.7333581
Botswana,BWA,2003,,,19.989511,1.4648414,2.622046
Botswana,BWA,2004,,,19.872602,1.5020458,2.5124447
Botswana,BWA,2005,,,19.755938,1.540019,2.4047096
Botswana,BWA,2006,,,18.715254,1.5787013,2.2986746
Botswana,BWA,2007,,,17.36201,1.5964214,2.1431966
Botswana,BWA,2008,,,16.047163,1.6167287,1.9939662
Botswana,BWA,2009,,,14.773619,1.6398196,1.8513999
Botswana,BWA,2010,,,13.539534,1.6655391,1.7151586
Botswana,BWA,2011,,,12.345555,1.6939168,1.5853027
Botswana,BWA,2012,,,11.316586,1.7335317,1.4819773
Botswana,BWA,2013,,,10.330681,1.7760811,1.3856348
Botswana,BWA,2014,,,9.364951,1.8200006,1.2925671
Botswana,BWA,2015,,,8.419467,1.865274,1.202763
Botswana,BWA,2016,,,7.4940467,1.9118804,1.1161714
Botswana,BWA,2017,,,6.588861,1.959832,1.0328007
Botswana,BWA,2018,,,5.7052546,2.0092146,0.9528609
Botswana,BWA,2019,,,4.8424225,2.0599651,0.87620944
Botswana,BWA,2020,,,4.7466044,2.1120596,0.8027581
Botswana,BWA,2021,,,4.653629,2.1654444,0.7324107
Botswana,BWA,2022,,,4.555165,2.1592095,0.71806335
Brazil,BRA,2000,76.0321,17.439425,0.6055576,5.061613,0.86130404
Brazil,BRA,2001,76.59753,17.216818,0.6040063,4.7304726,0.8511776
Brazil,BRA,2002,76.98464,17.15785,0.602973,4.343624,0.91091305
Brazil,BRA,2003,77.26597,17.197557,0.6018142,3.9668598,0.96779954
Brazil,BRA,2004,77.54171,17.235647,0.60055727,3.6001506,1.0219344
Brazil,BRA,2005,77.811966,17.272167,0.5992067,3.2432714,1.073386
Brazil,BRA,2006,78.077126,17.307058,0.59774405,2.8958957,1.122172
Brazil,BRA,2007,78.337265,17.34036,0.5961734,2.5578518,1.168348
Brazil,BRA,2008,78.59245,17.37211,0.5944984,2.2289696,1.2119682
Brazil,BRA,2009,78.84221,17.402594,0.5927724,1.9092108,1.2532179
Brazil,BRA,2010,79.08718,17.431616,0.5909514,1.5982084,1.2920402
Brazil,BRA,2011,79.329895,17.458082,0.5888126,1.2953869,1.3278254
Brazil,BRA,2012,79.56786,17.48311,0.58658093,1.0012295,1.3612115
Brazil,BRA,2013,80.38308,16.924591,0.58431184,0.76924706,1.3387692
Brazil,BRA,2014,81.1948,16.36378,0.58193284,0.5429238,1.3165622
Brazil,BRA,2015,82.002464,15.801103,0.5795,0.3221872,1.294748
Brazil,BRA,2016,82.74326,15.21258,0.5742529,0.20426458,1.2656428
Brazil,BRA,2017,83.605156,14.845801,0.39977646,1.1492676,
Brazil,BRA,2018,84.40004,14.279455,0.39663148,0.92387486,
Brazil,BRA,2019,85.190926,13.744618,0.36065775,0.7037983,
Brazil,BRA,2020,85.921616,13.39924,0.126549,0.5525922,
Brazil,BRA,2021,86.644035,12.945368,0,0.4105989,
Brazil,BRA,2022,87.25871,12.335056,0,0.4062287,
British Virgin Islands,VGB,2000,,,0,4.6972604,0
British Virgin Islands,VGB,2001,,,0,4.3171234,0
British Virgin Islands,VGB,2002,,,0,3.9369862,0
British Virgin Islands,VGB,2003,,,0,3.5568492,0
British Virgin Islands,VGB,2004,,,0,3.1767123,0
British Virgin Islands,VGB,2005,,,0,2.7965753,0
British Virgin Islands,VGB,2006,,,0,2.4164383,0
British Virgin Islands,VGB,2007,,,0,2.0363014,0
British Virgin Islands,VGB,2008,,,0,1.6561644,0
British Virgin Islands,VGB,2009,,,0,1.2760274,0
British Virgin Islands,VGB,2010,,,0,0.8958904,0
British Virgin Islands,VGB,2011,,,0,0.51575345,0
British Virgin Islands,VGB,2012,,,0,0.13561644,0
British Virgin Islands,VGB,2013,,,0,0.13561644,0
British Virgin Islands,VGB,2014,,,0,0.13561644,0
